00100000010000000000000000000101
00100000011000000000000000001100
00100000111000111111111111110111
00000000100001110001000000100101
00000000101000110010000000100100
00000000101001010010000000100000
00010000101001110000000000001011
00000000100000110010000000101010
00010000100000000000000000000001
00100000101000000000000000000000
00000000100001110001000000101010
00000000111001000010100000100000
00000000111001110001000000100010
10101100111001000000000000000011
10001100010100000000000000000000
00001000000000000000000000000000
00100000010000000000000000000001
10101100010101000000000000000000